14 0.340719 1.072447 0.378969 0.877511
1 1.146492 1.175654 0.885828 0.875443
2 0.040781 1.114030 0.067750 0.792700
2 0.181281 1.120074 0.211656 0.853734
2 0.091031 1.133660 0.099125 0.829177
0 0.751523 1.067057 0.537016 0.890190
0 0.563312 1.083196 0.426844 0.873143
0 1.064430 1.099230 0.750734 0.885338
0 1.007008 1.171656 0.702641 0.885675
0 0.939516 1.106741 0.670719 0.892131
0 1.228602 1.098523 0.850047 0.893333
0 1.182594 1.028829 0.810437 0.772131
0 1.195766 1.085021 0.826875 0.876118
0 1.108625 1.014578 0.755781 0.724304
2 0.010539 1.107869 0.020766 0.770549
0 0.790680 1.107015 0.584453 0.920401
0 1.031578 1.085327 0.706281 0.776983
9 1.132000 0.764852 0.767062 0.563376
0 0.580773 1.080211 0.443891 0.841688