5 0.875703 1.313412 0.771563 0.954259
5 1.213969 1.246071 0.971469 0.892141
5 0.131891 1.287224 0.248719 0.932329
5 0.062195 1.209000 0.123859 0.839506
0 0.087234 1.112188 0.066719 0.769224
0 0.065312 1.116918 0.051750 0.772894
2 1.461977 0.821024 0.993328 0.556729
2 1.480922 0.809941 1.000000 0.550188
0 0.130109 0.844588 0.089688 0.566635
0 0.278313 1.320282 0.195281 0.895624
0 1.077836 1.108788 0.725047 0.754659
0 1.090461 1.087176 0.734891 0.747012
0 1.119266 1.092259 0.750687 0.751812
0 1.056727 1.082482 0.710516 0.729200
2 1.407523 0.869800 0.946359 0.592400
0 0.965008 1.361306 0.652516 0.921059
0 0.293094 0.821012 0.199469 0.556941