2 0.980258 0.214395 0.744703 0.259540
2 0.316727 0.158765 0.326391 0.252542
2 0.443016 0.230339 0.459688 0.321356
2 0.693367 0.133378 0.510672 0.166029
2 0.582844 0.174843 0.494750 0.227554
10 0.174211 0.277494 0.172953 0.286077
10 0.311320 0.440654 0.321953 0.485714
10 0.799031 1.067978 0.762781 0.923220
7 0.052203 0.201126 0.104406 0.402252
7 1.203313 0.333801 1.000000 0.511671
0 0.920781 0.100654 0.637625 0.121550
0 0.785969 0.792228 0.774375 0.934140
0 0.558305 0.621344 0.664172 0.779782
0 0.518242 0.605775 0.516484 0.683995
0 1.004961 0.091586 0.683172 0.087191
0 1.050719 0.085884 0.718375 0.101162
0 1.087633 0.108656 0.738203 0.136634
0 0.764227 0.073027 0.524953 0.123584
0 0.952070 0.079068 0.646766 0.084673
2 0.644039 0.055182 0.458359 0.067070
0 0.555242 0.038341 0.380203 0.057022
0 0.629297 0.054455 0.428000 0.064843
0 1.322773 0.088971 0.892047 0.074891