17 0.641852 0.763568 0.433359 0.540000
22 0.840977 1.279789 0.634141 0.980798
22 0.556469 1.320986 0.489625 0.999718
22 0.169305 1.309108 0.192391 1.000000
22 1.072523 1.132371 0.747672 0.848451
23 1.135563 1.354836 1.000000 0.997840
17 0.619500 0.755458 0.420875 0.540775
17 0.658242 0.770399 0.444328 0.539061
17 0.709219 0.761185 0.483938 0.539836
22 0.560172 1.100235 0.413438 0.846338
24 0.319961 1.015505 0.238297 0.734812
24 0.844664 0.843169 0.656641 0.757465
22 0.864805 1.080622 0.607984 0.750258