0 0.740570 0.500000 0.728891 1.000000
0 1.056508 0.585375 0.745578 0.546253
0 1.124078 0.541874 0.779344 0.429368
21 0.491289 1.337307 0.389172 1.000000
21 0.620234 1.322002 0.471219 0.985925
21 0.270859 1.068056 0.243625 0.821780
21 0.590859 1.029052 0.465031 0.772998
21 0.458492 1.058864 0.363641 0.803770
21 0.527609 0.774016 0.386969 0.631218
21 0.312906 1.328220 0.271687 1.000000
21 0.318609 0.781956 0.264937 0.627283
21 0.157812 1.288372 0.165844 0.971358
21 0.434328 0.776874 0.348187 0.612529
21 0.409875 0.519215 0.356344 0.450468
21 1.127180 1.293349 0.799766 0.970445
21 1.240273 1.322330 0.880891 0.999602
21 0.917188 1.276347 0.978125 0.997658