22 0.150408 0.768489 0.287320 0.778807
18 0.368971 0.620899 0.271405 0.438268
18 0.283889 0.619281 0.204052 0.440196
19 0.478464 1.339992 0.422843 0.953056
19 0.860980 1.334085 1.000000 1.000000
0 1.196234 0.341748 0.846585 0.315719
0 1.116838 0.374910 0.776585 0.317304
0 0.079730 0.512941 0.159461 0.592026
0 1.232941 0.409412 0.889412 0.343529
0 0.402606 0.477623 0.288252 0.340605
0 0.635302 0.514085 0.539820 0.597810
0 0.571511 0.448546 0.399559 0.335850
0 0.785049 0.416209 0.554281 0.335261
0 0.598676 0.487704 0.421438 0.365833
0 0.378962 0.471266 0.262173 0.333644
17 0.318350 0.528995 0.223627 0.388350
22 0.242361 0.637574 0.191258 0.495605
22 0.294755 0.526944 0.238464 0.394052
0 0.305090 0.475842 0.219853 0.335670
0 0.551454 0.471650 0.379935 0.341667
19 0.800997 0.513064 1.000000 0.485441
21 0.907704 1.075458 0.692598 0.789641
21 1.146748 0.505188 0.838954 0.392206
21 1.085719 1.019485 0.810392 0.781814
22 0.679853 0.795188 0.635686 0.636650
22 0.153342 0.899240 0.306683 0.835343
22 0.394796 0.527647 0.296814 0.393431
22 1.116691 0.775310 0.861160 0.601111
22 0.452508 0.507492 0.310670 0.365212
0 0.451054 0.470531 0.307761 0.325735
17 0.426724 0.583448 0.299559 0.419379
19 0.274028 1.412982 0.293513 0.987010
0 0.531046 0.402778 0.885621 0.328431