6 0.101484 0.687647 0.199969 0.871906
6 0.538711 0.677624 0.799859 0.893694
0 0.778852 0.814847 0.570953 0.814588
0 1.353578 0.837071 1.000000 0.986518
0 1.014383 0.737012 0.704891 0.615953
0 1.081820 0.710294 0.742016 0.603506
0 1.175422 0.742729 0.820469 0.637506
0 1.214375 0.718576 0.827719 0.581200
0 1.251313 0.752576 0.857875 0.616400
0 1.300258 0.708235 0.880016 0.522729
0 1.356836 0.659024 0.915828 0.467035
0 1.314953 0.747518 0.906344 0.559412
0 1.101930 0.750800 0.765797 0.638118
0 1.238180 0.717118 0.840641 0.541718