17 0.868586 0.988406 0.602828 0.731313
22 1.069680 0.805302 0.787172 0.633896
22 0.114273 1.117667 0.160828 0.981375
0 0.712250 0.701438 0.603250 0.655208
18 1.042242 1.064927 0.728953 0.785062
19 0.749984 1.131167 0.554719 0.803917
20 0.608672 1.090385 0.481219 0.762604
20 1.034625 1.255635 0.782094 0.894146
17 0.974539 1.004365 0.663734 0.715646
22 0.658086 0.813802 0.453047 0.652646
0 1.305336 0.798719 0.956172 0.578812
0 0.298703 0.944312 0.392188 1.000000
18 0.953500 1.080719 0.657156 0.798854
18 0.816016 0.974375 0.570406 0.712708
18 0.852492 1.076760 0.594734 0.790896
20 0.906188 0.979583 0.611250 0.667708