2 0.683563 0.866652 0.575156 0.639781
2 0.317188 0.781193 0.280938 0.563567
2 0.035977 0.743611 0.071953 0.543807
0 0.990680 0.855295 0.681891 0.667790
0 0.234047 0.968260 0.217625 0.847112
0 0.436000 0.982440 0.357719 0.847287
0 1.047180 0.862396 0.723734 0.665580
0 1.088812 0.869978 0.741938 0.657593
0 1.131836 0.869453 0.775016 0.659300
0 1.363828 0.884716 0.925438 0.658796
0 0.937367 0.862757 0.647734 0.659912
0 1.143828 0.845744 0.779188 0.635033
0 0.597328 0.798939 0.411438 0.560022
0 0.064039 0.489147 0.053828 0.370547
0 0.348727 0.476838 0.243047 0.357527
2 0.650828 0.827954 0.547531 0.610919
2 0.490586 0.821969 0.378328 0.580219
0 0.918797 0.941346 0.640531 0.665711
2 0.549898 0.868753 0.385484 0.607877
0 0.562500 0.736324 0.940625 0.663020