5 0.524711 0.683005 0.968453 0.746620
0 0.963867 0.859742 0.679703 0.682488
0 0.928055 0.751960 0.653109 0.551009
0 0.482320 0.613157 0.336422 0.458568
0 0.864758 0.754554 0.601078 0.551972
0 0.903766 0.914390 0.624563 0.686901
0 0.894523 0.600505 0.610703 0.461948
0 0.865867 0.964589 0.600641 0.684906
0 0.962219 0.581138 0.649500 0.411948
0 0.810461 0.828580 0.561047 0.606972
0 0.825781 0.970411 0.572688 0.688756
22 0.305203 0.663333 0.217344 0.467230
0 1.024203 0.605399 0.702281 0.463239
0 0.741695 0.887500 0.531422 0.687723
22 0.212016 0.663685 0.159969 0.470141
0 0.921367 0.846068 0.634672 0.629648
0 0.593750 0.711268 0.690625 0.699531