22 0.993708 0.392180 0.771583 0.359516
18 1.235156 1.273734 0.950812 0.992844
18 0.912573 0.785820 0.684813 0.632609
18 0.819219 0.721797 0.613479 0.581719
18 1.007281 0.710953 0.742812 0.574437
18 1.361000 1.425188 1.000000 1.000000
18 0.655458 0.274664 0.477958 0.223703
19 0.520458 1.383406 0.520000 1.000000
19 1.363563 1.423797 1.000000 1.000000
21 0.834458 0.385398 0.602250 0.285391
22 1.427750 0.715320 1.000000 0.553891
0 1.401010 0.160922 0.999104 0.321844
0 0.743063 0.127195 0.767042 0.254078
21 0.410302 0.418062 0.419854 0.318500
21 0.684740 0.404250 0.490312 0.292281
21 0.764427 0.460961 0.539146 0.338359
21 0.771458 0.319086 0.555625 0.237734
21 0.598385 0.725766 0.465896 0.511844
21 0.368833 0.724680 0.294375 0.519484
21 0.279271 0.634766 0.249250 0.453656
21 0.741938 0.620758 0.531417 0.444109
21 0.436740 0.494359 0.498062 0.397813
21 0.946281 0.448242 0.659729 0.320078
22 0.117750 1.027266 0.235500 1.000000
0 1.221958 0.544930 1.000000 0.526516
22 0.080896 0.797617 0.161792 0.648828
18 0.908281 0.514633 0.661229 0.402953