14 1.081594 0.842242 0.743875 0.631753
14 0.621789 0.833222 0.452453 0.605567
14 0.831430 0.854781 0.587922 0.630335
14 0.891773 0.861289 0.604953 0.617216
14 1.392914 0.866160 0.950984 0.618608
14 1.430273 0.883003 0.962234 0.619871
10 1.104641 1.202448 0.926375 1.000000
10 0.433555 0.953106 0.335984 0.693067
10 0.358273 0.944214 0.270234 0.679716
10 0.602250 1.053376 0.512594 0.818969
0 1.132531 1.008982 0.802906 0.758479
0 1.087039 1.021224 0.749297 0.742345
0 0.234828 0.937822 0.199094 0.842655
0 0.777742 0.927088 0.542203 0.662629
0 1.341969 0.964716 0.922156 0.783711
0 1.297781 0.961134 0.890687 0.741443
0 1.076438 0.804227 0.741187 0.598918
0 0.693148 0.884459 0.476828 0.654794
0 0.844141 0.803466 0.578313 0.574562
0 0.825937 1.028802 0.595031 0.818067
0 0.873555 0.801418 0.593922 0.563711
0 1.036609 0.999330 0.721406 0.736340
0 0.192648 0.884407 0.147422 0.669175
2 0.707875 0.841997 0.526125 0.610593
14 1.008445 0.844214 0.693203 0.598840
0 0.488281 1.006443 0.976562 0.997423