19 0.747117 0.247281 0.632016 0.252021
19 1.106914 0.856396 0.888859 0.728875
19 1.302781 1.134240 1.000000 0.954396
19 0.682398 0.708198 0.631391 0.591896
19 0.976797 1.198906 0.819156 0.992562
19 0.882297 0.563479 0.726406 0.471542
19 0.919000 0.428948 0.770219 0.375646
19 0.513969 0.262104 0.434719 0.220667
19 0.919516 0.213271 0.709875 0.229500
19 0.345242 0.317979 0.330297 0.266625
19 0.170859 0.405552 0.235969 0.353979
19 0.055742 0.532177 0.111484 0.456896
19 0.134875 0.686125 0.269750 0.585208