22 0.366586 0.835198 0.306047 0.697313
0 0.653930 0.371917 0.785391 0.734833
0 0.972945 0.236510 0.814984 0.473021
0 0.641320 0.676625 0.538172 0.710542
0 0.969469 0.569250 0.702219 0.467292
0 1.168992 0.649708 0.861516 0.582208
0 1.408570 0.516573 0.986797 0.408479
0 0.819000 0.375188 0.609781 0.529250
21 0.719984 1.009187 0.500062 0.697500
0 1.243484 0.751146 1.000000 0.732083
0 0.210719 0.786333 0.306844 0.773583
24 0.184578 1.038729 0.365281 1.000000
0 1.423391 0.176010 0.998406 0.322604
22 0.095781 0.805281 0.099312 0.582021
0 1.316094 0.865781 1.000000 0.653312