13 1.274211 1.313341 0.955828 0.989810
24 0.389914 0.199396 0.378328 0.388981
22 0.091297 1.011943 0.181875 1.000000
22 1.253375 1.122310 0.926531 0.945047
22 1.102938 0.743709 0.767875 0.601493
0 0.572430 0.420569 0.483266 0.471137
0 0.169500 0.710581 0.315281 0.895806
0 0.885938 0.570699 0.741406 0.666327
0 1.168750 0.817630 0.983187 1.000000
18 0.810992 0.873365 0.564016 0.657725
18 0.495414 0.962476 0.358766 0.731066
18 0.764273 0.761268 0.531047 0.571777
18 0.514719 0.903803 0.368594 0.679739
19 0.475273 0.735130 0.346016 0.512346
21 0.599039 0.706528 0.458797 0.524810
17 1.067734 0.508104 0.725031 0.386256
24 0.672195 0.157204 0.565609 0.304455
22 0.564734 0.562168 0.482844 0.393294
17 1.117227 0.481351 0.758547 0.343744
17 1.136359 0.496872 0.770031 0.348057
17 1.144844 0.483791 0.773500 0.348009
17 1.169273 0.495664 0.789828 0.347393
17 1.099008 0.481457 0.740234 0.330924