1 0.846625 0.845979 0.573531 0.603625
1 1.019508 1.013375 0.766453 0.841167
1 1.205094 1.065052 0.867062 0.871021
3 1.317227 1.099885 0.945953 0.874687
8 0.065984 0.587146 0.072313 0.451625
8 0.507094 0.644344 0.344000 0.447146
0 0.989492 0.788219 0.680734 0.595313
0 0.936578 0.767802 0.645000 0.598688
0 1.300328 0.762073 0.885906 0.561729
0 1.238039 0.799927 0.848734 0.613062
0 0.899531 0.774833 0.616469 0.578500
0 0.744188 0.774073 0.521344 0.560146
0 1.432023 0.847594 0.992109 0.674771
0 1.468500 0.797281 1.000000 0.593854
0 0.845758 0.786406 0.584297 0.593479
0 0.885570 0.756240 0.599516 0.565021
0 1.176680 0.740917 0.800328 0.526875
2 0.547414 0.832542 0.545641 0.647208
2 0.063938 0.864583 0.127875 0.654042
8 1.239766 0.677167 0.833000 0.467500
1 1.421297 0.941792 1.000000 0.702792
1 0.267445 0.772687 0.197391 0.541333
2 0.167055 0.774271 0.182391 0.569542
2 0.854078 0.720552 0.587313 0.497437
2 0.427438 0.723396 0.305594 0.502333
2 0.305617 0.732000 0.217953 0.497917
2 0.345211 0.723323 0.241516 0.499812
2 0.601008 0.748333 0.421234 0.509542
2 0.480602 0.744708 0.381484 0.507333
2 0.561070 0.725021 0.399266 0.504833
2 0.030703 0.733781 0.059906 0.520646
8 0.492617 0.688250 0.333078 0.470417
8 0.005258 0.617771 0.010516 0.447708
0 0.809125 0.762250 0.551406 0.561375
2 0.782594 0.722260 0.559125 0.502646
8 1.211445 0.655698 0.814141 0.445813
8 0.506547 0.689000 0.343844 0.470375
0 1.270242 0.778063 0.860578 0.588417
1 0.944984 1.014531 0.701969 0.828521
1 0.063648 0.793354 0.068016 0.562042
2 1.084328 0.798812 0.816375 0.595750
0 0.540625 0.773958 0.656250 0.593750
2 0.763281 0.736458 0.698438 0.547917