17 1.174562 0.681010 0.800344 0.521646
17 0.986109 0.635406 0.673312 0.472187
17 1.309570 0.449063 0.881672 0.326125
0 0.331180 0.616854 0.662359 0.802250
0 0.891523 0.456385 0.656516 0.405813
0 0.596836 0.298583 0.453266 0.364958
0 1.230438 0.248333 0.834344 0.197500
0 1.308867 0.232427 0.884953 0.191271
0 1.184891 0.346750 0.861187 0.375500
0 0.048992 0.271469 0.097984 0.343063
0 1.063508 0.505823 0.781203 0.461979
0 0.515242 0.287667 0.365203 0.228958
17 0.868648 0.346615 0.584141 0.246854
17 0.275016 0.432719 0.191969 0.316312
17 0.194437 0.445177 0.137563 0.329396
18 0.093844 0.647229 0.084062 0.479167
22 0.286844 0.655333 0.247375 0.537542
22 0.916859 1.168531 0.751688 0.952813
22 1.295227 0.515740 0.918547 0.388771
22 0.329539 0.747573 0.266641 0.587729
22 0.104742 0.599302 0.123266 0.475021
22 1.473172 0.559083 1.000000 0.415250
22 1.183789 0.613219 0.832172 0.503396
22 0.380031 0.429000 0.277312 0.324125
22 1.017047 0.466771 0.711344 0.343958
22 0.437852 0.356969 0.314984 0.258813
22 0.469680 0.456583 0.345016 0.354250
0 0.978789 0.252979 0.706859 0.281875
0 1.069172 0.261625 0.737313 0.288417
17 0.128523 0.390208 0.092516 0.283333
22 0.118336 0.511521 0.104266 0.367083
0 0.310141 0.351542 0.236719 0.304458
0 0.247344 0.222167 0.186094 0.223500
22 0.150195 0.498177 0.122797 0.383646
18 1.032016 1.377354 0.737500 1.000000
0 0.563281 0.255208 0.992188 0.356250
22 0.578906 0.471875 0.998437 0.556250