11 0.621750 1.176965 0.484656 0.901506
11 0.712555 0.796612 0.508828 0.602918
11 0.349164 0.630376 0.254922 0.494353
11 0.777477 0.715647 0.552234 0.538588
11 1.449883 0.493624 0.994203 0.393318
11 1.313844 1.164518 0.933969 0.870965
11 1.083617 0.362976 0.770547 0.314471
11 0.949930 0.393518 0.683109 0.333388
11 1.059656 0.272024 0.785813 0.222682
11 0.466328 0.402565 0.336187 0.332424
11 1.353125 0.205941 0.919750 0.197482
11 0.669703 0.283071 0.467437 0.254141
11 0.735156 0.303529 0.998437 0.338824