14 0.336883 0.692248 0.518859 0.835878
1 1.212844 0.867681 0.885094 0.662108
1 1.376937 0.877752 0.946906 0.645808
1 0.412680 0.945843 0.421266 0.713981
3 0.841078 0.829052 0.798531 0.795808
5 0.845234 0.604309 0.606219 0.497845
8 1.337008 0.471405 0.921078 0.381311
0 0.440633 0.475304 0.388422 0.574918
0 0.682352 0.786464 0.491828 0.680468
0 0.876055 0.780152 0.648328 0.781194
0 0.636672 0.737541 0.449250 0.549040
0 1.258875 0.749778 0.864031 0.566534
0 1.210945 0.803244 0.830328 0.665550
0 1.104563 0.758806 0.763094 0.630632
0 1.160734 0.796850 0.803969 0.645831
0 1.354281 0.806148 0.930375 0.647002
0 1.478922 0.800269 1.000000 0.644614
0 1.432070 0.787857 0.984297 0.654403
1 1.412633 0.918759 0.951141 0.635457
0 1.298023 0.794965 0.884797 0.646557
0 1.387867 0.813548 0.940484 0.638946
0 0.687500 0.774005 0.834375 0.686183