11 0.838700 1.143144 0.592680 0.842990
11 0.667570 1.201237 0.544620 0.900103
11 0.182730 1.291405 0.235300 0.974201
2 0.986520 0.492513 0.712960 0.395387
0 0.671700 0.453776 0.625800 0.705387
11 1.439540 1.226044 0.998320 0.923325
11 1.212890 0.990129 0.828220 0.701495
11 0.963330 0.972436 0.697060 0.699459
11 0.831620 1.001894 0.586840 0.693273
11 0.587100 1.022113 0.414640 0.714330
11 0.225490 0.808106 0.267180 0.656624
11 0.542180 1.202500 0.409960 0.886186
11 0.899200 1.036791 0.643200 0.746263
11 1.062200 1.098544 0.758560 0.815593
11 0.369700 1.016791 0.269360 0.712088
11 0.216230 0.996430 0.180220 0.706881
10 0.625380 0.724704 0.768400 0.712758
11 0.926310 1.229149 0.706100 0.947062
11 0.499000 0.506443 0.998000 0.997423