21 0.215562 0.896633 0.431124 0.835953
21 0.942412 0.993070 0.662529 0.676766
21 0.693068 0.816914 0.507166 0.571328
21 0.786979 0.801453 0.573724 0.552156
21 0.874684 1.050961 0.636019 0.724516
21 0.749731 1.058289 0.550843 0.730047
21 0.932681 0.920727 0.655480 0.627703
21 0.751030 0.622578 0.538126 0.426719
21 1.026546 0.955539 0.724707 0.651109
21 1.055222 1.001570 0.746511 0.684422
21 0.671628 0.950680 0.475855 0.650109
21 0.796616 0.921734 0.575293 0.635969
21 0.810960 0.870586 0.573115 0.590109
21 0.710773 0.380469 0.826698 0.726562