0 0.674766 0.511710 0.682875 0.917424
0 0.138875 0.538981 0.153906 0.427892
0 0.305844 0.524555 0.275250 0.429157
0 1.023734 0.548384 0.713063 0.424028
0 1.213375 0.518033 0.851562 0.426511
0 1.366539 0.505609 0.958891 0.423770
0 1.454547 0.328829 1.000000 0.236393
0 1.412125 0.059649 0.987344 0.119297
0 0.870352 0.535960 0.646203 0.429204
0 0.220812 1.072518 0.239344 0.972670
0 0.047781 1.088770 0.095562 0.969953
0 0.258453 0.256382 0.220656 0.398009
0 0.486078 0.516194 0.370188 0.427658
10 1.125516 1.327963 0.841031 0.899766
10 0.352320 1.282963 0.284703 0.896792
10 0.219078 0.609871 0.166625 0.429438
0 0.500781 0.490632 0.998437 0.981265