0 0.199281 0.846729 0.159625 0.657750
0 0.092437 0.836562 0.082875 0.644417
0 0.309930 0.692208 0.223547 0.492667
22 0.265758 0.887250 0.208641 0.628917
22 0.358531 0.882740 0.260313 0.623687
22 0.231977 0.878990 0.163641 0.630188
0 0.799891 0.593552 0.550719 0.470354
0 0.750016 0.599167 0.520344 0.473875
0 0.381195 0.710990 0.278766 0.525771
0 0.333594 0.720375 0.240469 0.528917
0 0.164461 0.840146 0.131734 0.652208
0 0.957305 0.584708 0.656516 0.462375
0 0.916016 0.982313 0.684312 0.747917
0 0.159281 0.678167 0.122531 0.513792
0 0.961758 0.662073 0.647297 0.455146
10 0.483086 0.714927 0.340328 0.485563
0 0.532883 0.682042 0.365609 0.481542
0 0.359375 0.553125 0.668750 0.522917