25 1.049156 1.026406 0.996063 0.988396
0 0.182453 1.019052 0.364906 0.984313
0 0.595375 0.822927 0.533563 0.910729
9 0.956656 0.121198 0.660500 0.151312
0 0.879437 0.508646 0.618812 0.414792
0 0.378063 0.573885 0.305750 0.504271
0 0.453008 0.548615 0.343953 0.480729
0 0.229312 0.625750 0.196406 0.529667
0 0.517773 0.558906 0.384484 0.444021
0 0.786422 0.504167 0.584094 0.426208
0 1.076906 0.496917 0.739187 0.404458
0 0.278828 0.610594 0.243531 0.557646
0 0.567086 0.482771 0.431109 0.408625
0 1.446750 0.858552 1.000000 0.742062
0 1.134219 0.452740 0.792562 0.370396
0 0.500781 0.661458 0.998437 0.997917