9 1.393940 0.447195 1.000000 0.458357
11 0.464320 0.193272 0.315880 0.137082
11 0.397930 0.370042 0.269860 0.249773
11 0.618650 0.370963 0.417660 0.252748
11 0.599420 0.332295 0.403120 0.226346
11 0.838320 0.113895 0.564520 0.085071
11 0.439390 0.402054 0.297020 0.273343
11 0.642950 0.244858 0.432060 0.168527
11 0.656890 0.344221 0.442340 0.235411
11 0.869030 0.111898 0.583460 0.083173
11 0.778110 0.125283 0.524460 0.090113
11 0.162250 0.566374 0.117940 0.396034
11 0.459000 0.364023 0.850000 0.439093