11 0.871619 1.094062 0.671860 0.865781
11 0.999387 0.844711 0.774661 0.816734
11 0.815416 0.917555 0.615864 0.841641
11 0.642505 0.719641 0.546236 0.596562
11 0.553195 0.736086 0.499081 0.672609
11 0.353293 0.883242 0.309869 0.715453
11 0.340547 0.986703 0.300263 0.777188
11 0.359639 1.099477 0.342867 0.928734
11 0.571488 0.938563 0.519956 0.741781
11 0.728840 1.323648 0.758950 0.956984
11 0.532243 1.191281 0.406586 0.859344
24 0.075941 0.784680 0.151882 0.835859
11 0.552516 1.128539 0.505033 0.801859