3 1.326906 0.975320 0.917479 0.680672
3 1.265740 0.985008 0.891021 0.683266
0 1.216260 0.909820 0.823979 0.620578
0 0.946177 1.006734 0.644563 0.697906
0 0.866281 1.328984 0.599813 0.951281
0 0.797667 1.330977 0.559750 0.950266
0 0.943812 1.337086 0.659167 0.961797
3 1.087667 0.938492 0.741625 0.644859
0 0.610063 1.357438 0.433583 0.971937
0 1.004438 0.948523 0.684625 0.668422
0 0.429073 0.996570 0.297854 0.685172
0 1.204583 0.943164 0.816792 0.658453
0 0.434458 1.360031 0.320417 0.972344
0 1.128281 0.973555 0.767646 0.665734
9 1.256146 0.905773 0.849875 0.617266