22 0.454672 0.700438 0.368563 0.651500
23 1.001609 0.951615 1.000000 0.987104
23 1.193258 0.732646 0.851172 0.595500
0 1.017141 0.602719 0.797187 0.668479
0 1.162750 0.788917 1.000000 0.892833
0 0.492977 0.941562 0.662359 0.925833
0 0.537414 1.224490 0.571422 0.987146
22 0.797187 0.412917 0.626969 0.435583
17 1.023422 1.038875 0.707625 0.768250
17 0.600883 0.750021 0.419328 0.553833
17 0.542273 0.695021 0.377734 0.538125
24 0.642133 0.182021 0.532578 0.364042
0 0.153359 1.083354 0.273156 1.000000
0 0.166484 0.447510 0.332094 0.651104
0 0.175703 0.760563 0.246969 0.646375