24 1.026289 0.513906 0.767859 0.472479
17 0.714891 0.765667 0.498594 0.556625
17 1.197203 0.725135 0.835812 0.554646
17 1.090922 0.726448 0.751219 0.510979
17 1.015477 0.722938 0.708891 0.534625
17 0.930508 0.722271 0.651578 0.532125
23 0.067516 0.459042 0.132062 0.372792
0 0.271344 0.607583 0.401125 0.989333
0 0.110836 0.450823 0.095266 0.369438
17 0.692273 0.545125 0.474828 0.404208
18 0.788828 0.909344 0.556531 0.658813
24 0.431109 0.529396 0.334187 0.469875
17 0.791516 0.947604 0.567031 0.683542
17 0.783250 1.044521 0.567125 0.789958
17 0.709438 0.941458 0.505688 0.711292
17 0.621828 0.940281 0.448469 0.709063
17 0.520109 0.989458 0.383406 0.747292
17 0.548078 0.933031 0.400437 0.690229
17 0.611273 0.719219 0.433047 0.533146
18 0.657422 1.045000 0.478188 0.788167
19 0.929906 0.815531 0.674656 0.578271
22 0.503508 0.601667 0.378078 0.487167
22 0.596914 0.565917 0.436891 0.410792
22 0.711570 0.641823 0.560016 0.496396
22 0.045773 0.651656 0.079391 0.564354
22 0.695094 0.501406 0.519219 0.386146
22 0.416617 0.644635 0.344984 0.579313
22 0.968367 0.595031 0.687609 0.489438
18 0.649141 0.973844 0.469906 0.725812
17 0.800781 0.835417 0.776563 0.795833