6 0.725609 0.483137 0.746375 0.755049
6 0.365008 0.591838 0.730016 0.987157
6 1.314234 0.398223 0.989812 0.467525
6 1.304953 0.253922 0.941281 0.245343
6 1.214328 0.167390 0.871125 0.129191
6 1.162445 0.180245 0.805266 0.140784
10 0.368367 0.356397 0.257578 0.250049
10 0.337156 0.363260 0.236531 0.253480
10 0.300344 0.373885 0.213469 0.265074
10 0.261242 0.388100 0.185609 0.273995
10 0.177344 0.401225 0.131969 0.281618
10 0.051500 0.452696 0.049719 0.319902
6 1.124328 0.181360 0.760719 0.146789
0 0.574477 0.744400 0.399922 0.521005