9 0.621823 0.661430 0.693562 0.636766
2 0.480542 1.431203 0.648417 0.999844
2 0.157323 1.357305 0.132562 0.922547
2 0.069365 1.377875 0.088438 0.937500
0 0.794500 1.392172 0.555792 0.949531
2 0.416896 1.374344 0.312333 0.933031
0 0.628792 1.365945 0.438750 0.932797
2 0.351083 1.425555 0.306583 0.982172
2 0.391385 1.403930 0.311646 0.963891
2 0.362229 1.322742 0.251750 0.888516
2 0.233042 1.347914 0.178292 0.915516
2 0.293760 1.355891 0.213438 0.914281
2 0.429021 1.307961 0.295333 0.877734
2 0.013573 1.391664 0.027146 0.949703
2 0.130812 1.370617 0.114458 0.933609
0 0.392344 1.353406 0.269729 0.921187
1 0.692823 0.236531 0.527021 0.190594