11 0.450898 0.510346 0.376609 0.435540
11 0.872844 0.088892 0.624844 0.119612
11 0.247922 0.767022 0.254625 0.692770
11 0.810305 0.458061 0.574984 0.412909
11 0.410008 0.577424 0.346922 0.552687
11 0.876555 0.438712 0.668828 0.368781
11 0.558109 0.387839 0.443031 0.333296
11 0.612375 0.170540 0.449313 0.186510
11 0.548102 0.235568 0.391172 0.252687
11 0.278547 0.495817 0.245188 0.434127
12 1.170859 0.752133 1.000000 0.816011
11 0.963297 0.334183 0.682094 0.294017
11 1.016758 0.253255 0.739734 0.230222
11 0.853828 0.287992 0.602594 0.254155
11 0.479687 0.390582 0.746875 0.742382