9 0.436383 0.505427 0.637328 0.782396
0 0.709859 1.276083 0.516312 1.000000
2 0.102641 1.177417 0.123656 0.845208
2 0.151187 1.159260 0.177937 0.830354
7 0.996977 1.249323 0.990047 0.994104
2 0.035625 1.159958 0.071250 0.858250
2 0.259852 1.158937 0.209891 0.815458
2 1.318523 1.195052 0.925922 0.824687
2 0.856273 1.190448 0.628703 0.803354
2 1.398375 1.175469 0.956563 0.804271
2 0.881078 1.171490 0.653000 0.793437
2 0.761750 1.167010 0.595250 0.808687
2 0.811867 1.184021 0.608172 0.804917
2 1.411109 1.207510 1.000000 0.890604