21 0.560023 1.119114 0.706047 0.988775
0 0.656555 0.466772 0.533547 0.673589
4 0.152250 0.214453 0.301375 0.249256
0 0.524156 0.457867 0.391000 0.490656
0 0.948867 0.567013 0.788047 0.829956
0 0.987648 0.560678 0.983641 0.910109
0 0.449227 0.461083 0.359234 0.594639
0 0.291828 0.469114 0.264531 0.549212
0 0.174578 0.451543 0.159437 0.477396
0 1.337336 0.385394 0.924953 0.300022
0 1.475766 0.612221 1.000000 0.551400
0 1.381930 0.449650 0.989609 0.484858
14 1.353742 0.195164 0.938703 0.175624
0 0.106352 0.418085 0.107484 0.439672
0 0.034695 0.393490 0.066703 0.451619
0 0.802687 0.348228 0.616375 0.621357
0 0.499219 0.464989 0.998437 0.518600