0 0.196398 0.843806 0.224891 0.829204
0 0.253898 0.610375 0.196891 0.481077
0 0.862094 0.755059 0.743656 0.791007
0 0.476023 0.917986 0.427297 0.824731
0 0.730750 0.743185 0.531094 0.577752
0 0.148352 0.754567 0.129109 0.588852
0 0.492406 0.618337 0.365500 0.505012
0 0.315352 0.676159 0.247266 0.638782
0 1.370250 0.517459 0.946562 0.416698
0 1.241961 0.663747 0.860047 0.546042
10 0.684516 0.779297 0.464656 0.534286
10 0.704945 0.721148 0.475859 0.495363
0 0.640320 0.749110 0.461984 0.586276
0 0.568570 0.748396 0.426047 0.596698