6 0.500000 0.365171 1.000000 0.723984
0 0.881578 0.357676 0.624000 0.406620
0 0.694672 0.374527 0.482313 0.394286
0 0.178672 0.643068 0.304094 0.945573
0 0.635648 0.396761 0.477266 0.440644
0 0.949031 0.352696 0.667125 0.416419
0 0.736523 0.291207 0.513828 0.283742
0 0.754750 0.397746 0.553187 0.440443
0 0.592953 0.363239 0.425219 0.418833
0 0.872289 0.237113 0.597766 0.198209
0 0.943820 0.241197 0.648422 0.204567
0 0.706266 0.267475 0.484625 0.201066
0 0.845586 0.360584 0.589453 0.398712
0 0.815172 0.354457 0.562281 0.393139