0 0.729883 0.718555 0.574366 0.592766
0 0.339178 0.820586 0.260704 0.614078
0 0.264754 0.854539 0.207113 0.620359
0 0.219648 0.848883 0.165493 0.595734
0 0.650164 0.821508 0.453521 0.578016
0 0.620117 0.825836 0.433380 0.581172
0 0.574038 0.840375 0.397042 0.578781
0 0.125822 0.890531 0.111174 0.620656
0 0.153392 0.851633 0.122042 0.596453
0 0.311338 0.842570 0.221221 0.588672
0 0.412606 0.854641 0.284883 0.584000
0 0.446854 0.847664 0.305587 0.579672
10 0.704707 0.931234 0.764061 0.662156
0 0.113709 0.851539 0.092770 0.582859
0 1.315728 0.744531 0.903756 0.532813