2 0.027250 1.127619 0.051875 0.865756
5 0.456539 0.734560 0.807297 0.897201
0 0.762961 0.575282 0.536641 0.422483
0 1.075430 0.618330 0.752609 0.464063
0 0.835289 0.570282 0.589734 0.419842
0 0.597414 0.601738 0.422422 0.432235
0 0.543484 0.601242 0.393000 0.434808
0 0.379773 0.617483 0.284141 0.445892
0 0.437883 0.631332 0.311016 0.439865
0 0.323492 0.634289 0.235703 0.446727
0 0.477156 0.614018 0.342938 0.440181
0 1.025313 0.611264 0.706563 0.455892
0 0.940781 0.600914 0.654031 0.445892
0 0.998281 0.618713 0.679688 0.455305
0 0.706789 0.615418 0.484734 0.424560
0 0.241406 0.627540 0.204687 0.455982