1 0.099781 0.249167 0.118375 0.250587
2 0.179516 0.176643 0.233094 0.225493
7 0.987219 0.079765 0.933375 0.150563
0 0.540281 0.085563 0.381625 0.151643
0 0.494086 0.068944 0.345078 0.119202
0 1.459961 0.147676 0.999453 0.285587
0 0.875031 0.147758 0.688062 0.291761
0 0.444945 0.074495 0.318422 0.143451
0 0.026773 0.065552 0.031109 0.080775
0 0.255648 0.041655 0.191547 0.061056
0 0.065352 0.057629 0.063516 0.071080
0 0.084687 0.045575 0.075313 0.068427
0 0.729711 0.105481 0.537297 0.210962
10 0.301578 0.164824 0.271781 0.179883
2 0.036930 0.208650 0.073859 0.219742
0 1.418656 0.044589 0.962000 0.060962
0 0.623719 0.109437 0.479937 0.218873
0 0.270313 0.073944 0.328125 0.129108