0 0.916953 1.153364 0.621312 0.789673
0 0.800891 1.125596 0.541094 0.770771
0 0.785906 1.122827 0.530500 0.770280
0 0.953063 1.156612 0.650687 0.791262
0 1.317039 1.134463 0.885422 0.785140
0 1.265969 1.124638 0.849281 0.772687
2 0.660453 1.098668 0.450406 0.740748
2 0.737734 1.116016 0.502750 0.751379
2 0.698172 1.114100 0.474406 0.749182
2 0.616016 1.134755 0.430938 0.767734
0 0.649203 1.159638 0.441156 0.793061
0 1.280117 1.132255 0.858047 0.780210
0 1.378000 1.137523 0.923375 0.773738
0 0.589789 1.135292 0.398734 0.792734
0 0.553547 1.133388 0.377188 0.793411
0 0.521734 1.130327 0.355781 0.795935
0 0.602344 1.126168 0.879687 0.803738