1 0.731770 0.932602 0.707805 0.936484
2 0.079793 0.341398 0.142484 0.378141
5 1.038944 0.216859 1.000000 0.424719
0 0.766273 0.639023 0.720331 0.834672
0 0.366749 0.290789 0.280497 0.283516
0 0.467277 0.278789 0.365155 0.280672
0 0.610062 0.325672 0.455652 0.321375
0 0.130393 0.190695 0.119089 0.152609
0 0.085311 0.159477 0.073437 0.132266
0 0.089658 0.191820 0.081180 0.165109
7 0.066998 0.210117 0.133996 0.366297
8 0.432930 0.023422 0.319193 0.045500
0 0.512712 0.216461 0.368240 0.230109
0 0.666977 0.147328 0.457847 0.107281
0 0.416636 0.289914 0.290538 0.233297
0 0.246894 0.220328 0.195942 0.239812
0 0.709979 0.189242 0.495321 0.187078
1 0.568302 0.256102 0.411511 0.195141
0 0.208861 0.262570 0.188364 0.283828