17 1.261008 0.980458 0.866172 0.706875
17 0.219711 0.617479 0.165891 0.490625
17 0.688125 0.299125 0.462906 0.223458
17 0.646250 0.493510 0.437437 0.354979
17 0.758984 0.493135 0.511469 0.350812
17 0.783391 0.476729 0.530594 0.348292
17 1.041969 0.477031 0.717156 0.391937
0 0.140820 0.728708 0.280047 0.859125
0 0.195609 0.512062 0.214562 0.419917
0 0.374008 0.424969 0.311266 0.444896
0 0.553461 0.540802 0.437859 0.469062
18 1.235742 1.218135 0.887578 0.925438
18 0.520430 0.951021 0.393672 0.700083
18 0.305656 0.737990 0.228156 0.530688
18 0.759852 0.764646 0.529672 0.545083
20 1.357305 1.119385 0.970453 0.782896
17 0.698992 0.312510 0.471516 0.225438
17 1.066352 0.515958 0.731266 0.398875
18 0.278945 0.778083 0.213609 0.570250
22 1.104750 0.732313 0.839531 0.580458
22 0.653484 0.637260 0.457313 0.491104
22 0.059094 1.289625 0.117500 0.994167
22 0.230133 1.432312 0.290484 1.000000
0 1.268750 0.649094 0.999594 0.645271