2 0.520828 0.741048 0.414000 0.603054
3 0.109445 0.762226 0.204891 0.705010
3 0.372133 0.779850 0.380016 0.710798
3 1.147344 0.701437 0.945500 0.737285
3 0.910437 0.739032 0.723531 0.706687
0 1.146133 0.584900 0.832953 0.629122
0 0.949859 0.603902 0.705719 0.591158
0 0.349023 0.696786 0.282328 0.656407
0 0.125633 0.695749 0.164922 0.660279
8 0.530430 0.231896 0.381734 0.221078
8 0.419195 0.325090 0.311422 0.304511
8 0.641852 0.323772 0.454953 0.329581
2 0.219844 0.611647 0.209156 0.457385
7 0.033102 0.656128 0.063922 0.542395
8 0.316492 0.436567 0.225141 0.333214
8 0.234312 0.439122 0.170750 0.331737
8 0.280891 0.441667 0.198969 0.331916