22 0.477945 1.240778 0.430953 0.989245
1 1.081602 0.711887 0.842453 0.602217
2 0.419773 0.423231 0.328516 0.334764
3 0.749781 0.482842 0.522906 0.390354
0 0.577891 0.906309 0.606000 0.913184
0 1.094680 0.469847 0.826797 0.481486
0 0.538773 0.458455 0.392734 0.458844
0 0.958156 0.477748 0.663031 0.430165
0 0.908695 0.482476 0.639078 0.400566
0 1.168313 0.487441 0.830750 0.433797
0 0.291430 0.380118 0.207766 0.305094
0 0.707625 0.443962 0.490812 0.386179
7 0.373141 0.353927 0.297063 0.316580
22 1.386578 0.529292 0.963563 0.439292
22 1.244125 0.503632 0.856500 0.403302
0 1.340508 0.421899 0.918203 0.428090
0 0.742570 0.435212 0.506141 0.326321
0 0.601367 0.423160 0.419547 0.355660
0 1.263281 0.381462 0.860594 0.307453
2 0.530586 0.406392 0.398297 0.327783
3 0.256062 0.423113 0.178437 0.305142
0 0.815242 0.488184 0.569672 0.448066
0 0.353125 0.344340 0.296875 0.306604