16 0.603031 1.059573 0.430594 0.763813
16 0.934852 0.724927 0.644297 0.515354
16 0.552812 0.944104 0.403937 0.665917
16 0.622000 0.893010 0.446406 0.631729
16 0.808078 0.687125 0.582781 0.521167
16 1.004242 0.679677 0.703766 0.511104
16 1.154422 1.005271 0.801187 0.708833
16 1.198656 0.964656 0.836938 0.680479
16 0.127602 0.712979 0.122734 0.537667
16 0.746648 0.893542 0.521547 0.641000
16 1.131430 0.965000 0.779984 0.682375
16 0.184313 0.634969 0.142281 0.459771
16 0.074438 0.833583 0.087031 0.593500