1 0.961381 1.048464 0.681160 0.723725
2 0.971234 0.926193 0.756879 0.667614
2 0.425964 0.552843 0.315425 0.388007
2 0.660588 0.581201 0.484183 0.408480
2 0.256658 0.516119 0.194984 0.359853
2 0.664158 0.518668 0.470376 0.359036
2 0.935842 0.617843 0.682565 0.432680
5 0.308513 0.755752 0.392484 0.631340
5 1.168480 0.590539 0.902516 0.451699
0 0.662459 1.243995 0.461748 0.889330
0 0.713979 1.199158 0.492304 0.858676
1 0.880523 0.866103 0.621863 0.600474
0 0.905155 0.820891 0.614886 0.569788
0 0.872239 0.525833 0.587549 0.364020
0 0.685458 1.070114 0.471340 0.759902
0 0.727198 1.075940 0.513546 0.771258
8 0.532949 1.110261 0.373513 0.780131
8 0.314485 1.054796 0.234755 0.751879
8 0.792598 0.991920 0.550458 0.692990
8 0.386593 0.913145 0.274493 0.649199
0 0.659175 1.152092 0.455735 0.811209
0 0.653717 1.049730 0.451716 0.751618
0 0.520229 1.256291 0.366699 0.908562
0 0.972647 1.013962 0.673105 0.721454
0 0.740662 0.852598 0.506324 0.604346
2 0.712614 0.573546 0.514216 0.404118
2 0.313276 0.536324 0.242794 0.376503
2 0.093538 0.550605 0.092565 0.381732
7 0.217672 0.602745 0.178023 0.442059
24 1.308186 0.814649 0.901078 0.567010
1 0.933554 0.859363 0.652271 0.595229
2 0.464861 0.547026 0.335572 0.384542
2 0.545662 0.567288 0.405441 0.399118
24 1.382704 0.821258 0.947239 0.572941
0 1.407990 1.345662 0.954314 0.928023
0 0.773399 0.856642 0.530163 0.603611
2 1.422083 0.653252 0.963644 0.470131
8 0.367173 0.532255 0.250261 0.365131
8 0.325760 0.517958 0.220572 0.354183
8 0.114869 0.524959 0.082288 0.359395
8 0.148799 0.543644 0.105408 0.373824
8 0.392328 0.509820 0.269134 0.350686
8 0.755613 1.015686 0.515049 0.701993
8 0.526307 0.542892 0.357974 0.373072
8 0.500743 0.527549 0.341618 0.357941
8 0.629902 0.538145 0.425131 0.368644
2 0.455065 0.471405 0.619281 0.433007