13 0.172050 1.073698 0.148420 0.747395
2 1.397760 1.011826 0.999840 0.750539
2 0.875040 1.005449 0.667560 0.754192
2 1.167750 0.965524 0.861540 0.703563
2 0.972340 0.958892 0.735640 0.692814
2 0.379250 0.966931 0.371620 0.749910
0 0.703650 0.801317 0.534260 0.925269
0 0.246290 0.987425 0.182780 0.746108
0 0.268280 0.978563 0.198840 0.745689
0 0.115270 0.959431 0.104780 0.719820
2 0.804570 0.973623 0.565780 0.686407
7 1.353400 0.838099 1.000000 0.671467
0 1.161770 0.907769 0.781780 0.629731
2 0.577830 0.959820 0.435100 0.689461