4 0.528953 0.467500 0.862063 0.662229
0 0.934094 0.932731 0.636375 0.685743
0 0.902672 0.929890 0.617844 0.684357
0 0.786797 0.913253 0.546625 0.681968
0 0.861258 0.927289 0.594859 0.683735
0 0.521562 0.898072 0.358031 0.649920
0 0.544195 0.902460 0.376734 0.657369
0 0.468133 0.896054 0.326297 0.646124
0 0.087898 0.889950 0.078516 0.646044
0 0.437555 0.896837 0.303641 0.645281
0 0.019906 0.870914 0.024344 0.639980
0 0.066406 0.886376 0.056531 0.642189
0 0.056734 0.884578 0.050969 0.634578
0 1.072781 0.946436 0.732781 0.690502
0 0.932031 0.926707 0.795312 0.692771