6 0.670773 0.641565 0.744641 0.703365
6 1.246805 0.684800 0.999859 0.547247
6 0.064164 0.695506 0.110422 0.573035
0 0.308063 0.987929 0.318656 0.843341
0 0.501500 0.743671 0.349094 0.564988
0 0.467664 0.724071 0.319609 0.516047
0 0.450305 0.731200 0.306609 0.526353
0 0.410039 0.748553 0.291547 0.530329
0 0.418938 0.741059 0.290281 0.517882
10 0.075359 1.038200 0.150719 0.795506
10 0.253703 1.077282 0.251687 0.808165
22 0.405336 0.770482 0.283234 0.528635
23 0.260398 0.704506 0.243234 0.514612
0 0.439695 0.712753 0.301547 0.500706