22 1.129510 0.685013 0.780060 0.604213
22 1.292700 1.409000 0.997760 0.988773
22 1.162790 0.675707 0.801060 0.617227
0 0.138420 0.625920 0.276840 0.830400
0 1.143240 0.618080 1.000000 1.000000
0 0.591000 0.438280 0.497040 0.414747
0 0.916010 0.471360 0.766860 0.565920
18 0.917990 0.681427 0.660300 0.541307
18 0.553470 0.827693 0.429820 0.629360
19 0.712940 0.745493 0.503440 0.521867
19 0.757370 0.779867 0.554660 0.564267
22 0.258040 0.646147 0.213440 0.500880
22 0.114940 1.216880 0.222080 1.000000