24 0.740680 0.305691 0.524516 0.262951
24 0.171227 0.250609 0.146797 0.234520
24 0.337406 0.268735 0.250969 0.248197
24 0.441063 0.282459 0.318188 0.240843
24 0.036008 0.250972 0.071484 0.228595
24 0.396398 0.265574 0.286359 0.239016
24 0.222570 0.249918 0.163297 0.201663
0 0.910070 0.631464 0.704672 0.826956
0 0.614727 0.273548 0.483391 0.275433
0 0.099016 0.157974 0.110438 0.172998
0 0.654414 0.097482 0.488828 0.144567
0 0.532813 0.109438 0.402750 0.168150
0 0.182961 0.118431 0.162328 0.140094
0 0.776398 0.214859 0.549984 0.193841
0 0.281562 0.059766 0.251063 0.119532
0 0.673484 0.185117 0.484812 0.172061
24 0.678984 0.280632 0.483969 0.246183
0 0.820898 0.093794 0.589297 0.175316
0 0.040609 0.074649 0.081031 0.149297
0 0.362742 0.202775 0.265172 0.160960
0 0.878922 0.086557 0.622312 0.173115
22 0.128180 0.089169 0.133016 0.110984
22 0.199250 0.186698 0.170000 0.150351
24 0.116773 0.255773 0.103234 0.230234
24 0.548500 0.301101 0.388562 0.249461
24 0.514844 0.437939 0.717187 0.843091