24 0.402195 1.060659 0.348422 0.800282
3 0.932578 0.846224 0.650531 0.621624
0 0.932883 0.812835 0.648047 0.605482
0 0.498258 0.787800 0.340984 0.559788
2 1.046250 0.802835 0.737219 0.575976
2 0.995109 0.796965 0.692312 0.566871
2 1.397586 0.838376 0.991641 0.615012
2 0.537484 0.796082 0.396969 0.570471
2 0.638938 0.775235 0.444344 0.540588
7 0.581805 0.766024 0.419703 0.546635
2 1.224898 0.881271 0.955672 0.701129
2 0.508883 0.789671 0.354203 0.561553
2 0.623039 0.771024 0.418391 0.529765
2 0.706063 0.786941 0.479594 0.548329
2 0.683445 0.786553 0.466641 0.543224
2 0.760258 0.784118 0.558703 0.585647