1 0.707977 1.381297 0.614016 1.000000
0 0.297742 1.107311 0.262016 0.956934
0 0.211883 1.156840 0.184359 0.967075
0 0.119859 1.156392 0.139063 0.989906
0 0.520859 1.085165 0.427156 0.861038
0 0.447461 1.101392 0.335453 0.875708
0 0.747828 1.064410 0.548375 0.835613
0 0.685070 1.086981 0.486359 0.851132
0 0.924164 1.096132 0.641047 0.877783
0 0.967031 1.090578 0.674406 0.868750
0 0.730922 1.049092 0.499937 0.729505
0 0.616648 1.092948 0.431953 0.792877
0 0.881344 1.104210 0.613375 0.827524
1 0.437609 1.351722 0.449156 1.000000
5 0.140437 0.990389 0.171594 0.731675
1 0.637578 1.258172 0.514687 0.926156
1 0.929609 1.363939 0.673500 1.000000
0 1.088164 1.111156 0.751578 0.874245
0 0.451562 1.097877 0.884375 0.917453