2 1.129320 0.663633 0.761797 0.452593
2 1.055906 0.648107 0.715469 0.443458
2 1.030070 0.649486 0.698172 0.444019
2 0.984609 0.645701 0.670063 0.443692
2 0.643109 0.668738 0.442219 0.456168
2 0.684719 0.651414 0.465781 0.442547
2 0.598172 0.646589 0.412906 0.441449
4 0.375609 0.593049 0.751219 0.688341
4 0.212648 0.526671 0.356172 0.441005
2 0.831102 0.648388 0.566578 0.442103
2 0.628867 0.680958 0.429047 0.465841
2 0.558609 0.680280 0.384469 0.466168
2 0.878414 0.647675 0.595891 0.443154
2 0.756250 0.648364 0.821875 0.455607