0 0.722477 0.365510 0.566516 0.411938
10 0.621359 0.253063 0.522219 0.229083
2 0.377609 0.170760 0.328406 0.170479
2 1.384656 0.175094 0.961250 0.123521
2 1.070305 0.166479 0.760797 0.132458
2 0.278648 0.145448 0.249672 0.139563
2 0.562195 0.166896 0.412109 0.139750
2 1.442500 0.217219 1.000000 0.179646
2 0.726047 0.172656 0.539750 0.147729
2 0.889562 0.181771 0.722063 0.175875
2 1.132820 0.185990 0.845984 0.167271
2 1.377719 0.165406 0.967281 0.123937
7 0.051008 0.090927 0.102016 0.142021
2 1.345508 0.179594 0.933641 0.160104