0 0.059539 0.614281 0.055547 0.474854
0 0.077164 0.615177 0.061422 0.429938
0 0.143008 0.607802 0.107359 0.425146
0 0.181172 0.608479 0.131063 0.432792
2 0.992766 0.602042 0.719062 0.452875
2 1.314000 0.596198 0.928344 0.427979
2 1.131625 0.571885 0.790656 0.411229
2 1.061031 0.581500 0.726844 0.406333
2 0.971328 0.573781 0.746844 0.403271
2 0.873047 0.568510 0.596844 0.390146
2 0.848445 0.567510 0.578797 0.386646
2 0.991352 0.558490 0.676766 0.377854
9 0.194703 0.166000 0.176781 0.218542
2 0.825125 0.563969 0.556188 0.383396