0 0.842117 0.714801 0.625828 0.777283
0 1.194945 0.738513 0.847766 0.780726
0 0.358406 0.974087 0.327781 0.919649
0 1.283602 0.722400 0.903984 0.569157
0 1.289656 0.611358 0.885000 0.474098
0 1.387828 0.741546 0.977500 0.568525
0 1.292813 0.531347 0.876344 0.407518
22 0.704664 1.120222 0.773641 0.950562
0 0.546898 0.802892 0.417953 0.571686
0 0.725484 0.678501 0.511188 0.504309
0 1.380961 0.562365 0.926672 0.395129
0 0.523719 1.364426 0.473094 1.000000
0 0.774516 0.649122 0.532125 0.489672
22 0.553992 0.929333 0.457734 0.692014
22 0.147922 1.003782 0.243875 0.839883
22 0.086648 1.433759 0.162891 0.987002
22 0.577273 0.967225 0.460797 0.691405
22 0.049484 1.234192 0.098969 0.954567
22 0.567922 0.883677 0.441437 0.619625
22 0.606109 1.043782 0.483938 0.725785
22 0.544039 0.815574 0.428547 0.582904
0 1.466102 0.601464 0.985234 0.441569
0 0.517188 0.735363 0.893750 0.679157