2 0.212305 0.674491 0.277984 0.584338
2 1.003648 0.596202 0.795234 0.502342
2 0.044828 0.841293 0.089656 0.706171
0 1.045969 0.871853 0.800812 0.806395
0 1.200719 0.700092 0.858906 0.670937
0 0.940664 0.615978 0.679422 0.493747
0 0.889680 0.595367 0.608984 0.446375
0 0.477164 0.753126 0.423203 0.861161
2 0.604539 0.622953 0.463547 0.468839
2 0.697023 0.620774 0.492734 0.446110
2 0.726984 0.611690 0.516344 0.440000
2 0.769711 0.592902 0.547516 0.427923
8 0.892078 0.531517 0.599562 0.360754
8 0.986680 0.522047 0.663203 0.354929
0 0.481422 0.686477 0.434094 0.626029
2 1.368141 0.680051 1.000000 0.612729