7 0.677500 0.477166 0.541156 0.376534
0 1.194195 1.305059 0.847109 0.988384
0 0.738406 1.304754 0.524687 1.000000
0 0.817602 1.182143 0.589391 0.860117
0 0.412297 0.767963 0.298406 0.585808
0 1.378602 1.306733 0.961047 0.928080
0 0.215109 0.795328 0.173031 0.610843
0 0.392820 1.184262 0.305859 0.988759
0 1.456547 1.305621 1.000000 0.988759
0 0.797266 0.745679 0.563531 0.576323
0 0.050977 1.075281 0.083953 0.874169
3 0.411969 0.849848 0.297437 0.633091
3 0.349078 0.815785 0.269813 0.614848
3 1.220906 0.559848 0.833156 0.421241
3 0.913117 0.639075 0.641359 0.468735
3 1.085500 0.595105 0.768938 0.450398
3 1.030539 0.587775 0.714734 0.447307
0 0.668773 1.288782 0.484609 1.000000
0 0.060406 1.360726 0.120812 1.000000
3 0.157812 0.823361 0.122594 0.612436
3 0.399844 0.783724 0.276750 0.553677
0 0.590852 0.757073 0.428141 0.593208
7 0.759078 0.545222 0.587562 0.395972
3 0.723906 0.835375 0.528531 0.648126
3 0.798016 0.805972 0.578781 0.613583
3 0.464086 0.883033 0.356484 0.670703
3 0.599703 0.805386 0.437219 0.611148
3 0.220477 0.848712 0.184453 0.634333
0 0.389844 0.811475 0.604688 0.868852
3 0.444531 0.704918 0.320312 0.501171