22 0.520300 0.942922 0.598101 0.694531
22 0.126082 1.402000 0.199135 0.999188
0 0.197945 0.429172 0.375072 0.760156
18 0.315397 1.121781 0.292957 0.811531
18 1.278053 0.389328 0.886779 0.279094
21 0.826274 1.111234 0.968029 0.896625
0 1.320649 0.491969 1.000000 0.669906
0 0.769219 0.406734 0.826274 0.674156
18 1.049507 0.244391 0.740553 0.190812
18 1.277572 0.176438 0.889279 0.140594
18 1.267296 0.249430 0.883486 0.192328
18 1.391070 0.244891 0.955649 0.187531
18 0.729868 0.345969 0.518726 0.253188
18 0.663522 0.340805 0.480120 0.253047
18 0.654038 0.270617 0.467452 0.207109
18 0.529411 0.341492 0.383005 0.250859