2 0.348617 0.319202 0.396141 0.316995
2 0.343094 0.454589 0.379781 0.447817
0 0.141352 0.648310 0.282703 1.000000
0 0.907188 0.768545 0.710500 0.885399
0 0.403492 0.812124 0.334266 0.809178
0 0.424258 0.436373 0.359797 0.555188
0 0.581953 0.479437 0.436031 0.545822
0 0.889867 0.359789 0.624266 0.349812
0 0.794055 0.394495 0.572703 0.455000
0 0.699641 0.498815 0.569531 0.734249
0 0.986703 0.327101 0.691031 0.396080
0 0.840312 0.377582 0.585500 0.384038
2 0.524609 0.319131 0.420125 0.261925
0 0.816805 0.280505 0.557734 0.224718
7 0.021961 0.259624 0.043922 0.206573
7 0.472617 0.246138 0.466734 0.221761
0 0.867305 0.291678 0.594172 0.263075
3 0.126820 0.471303 0.253641 0.427723
0 0.914062 0.338028 0.659375 0.356808