9 0.221580 0.225845 0.350480 0.356064
2 0.430860 1.265262 0.843240 0.967843
2 0.414030 1.071720 0.403940 0.779883
2 0.777000 1.041327 0.589200 0.757055
2 0.948480 1.021880 0.688880 0.744227
2 0.983600 0.991108 0.717960 0.726939
2 1.190680 0.936385 0.839800 0.654752
2 1.329700 0.968236 0.930840 0.705860
2 1.317830 0.894665 0.914020 0.617201
2 1.130980 1.097420 0.880680 0.872741
2 0.682310 1.033047 0.514100 0.762303
2 0.807860 1.029227 0.606320 0.761195
2 0.533200 1.021152 0.478480 0.792857
2 1.083430 0.922055 0.747540 0.633032
2 1.127000 0.992711 0.954000 0.830904