17 0.290156 0.729393 0.207187 0.530561
17 0.262453 0.732850 0.189031 0.534720
17 0.191492 0.745117 0.138391 0.537290
17 0.161211 0.738037 0.120234 0.537991
17 0.093695 0.741075 0.077203 0.544019
0 0.704813 0.124322 0.560500 0.248411
0 0.260422 0.444311 0.266062 0.537220
0 0.030922 0.541600 0.061844 0.554089
0 1.268852 0.411904 0.903078 0.541098
0 1.379961 0.588002 0.985422 0.542780
0 0.463000 0.659638 0.345750 0.489042
10 1.266625 0.884579 1.000000 0.688411
17 0.174914 0.732512 0.124422 0.521706
0 0.724195 0.518131 0.769234 0.953364
0 1.462125 0.508131 1.000000 0.462477
10 1.073008 0.837161 0.772703 0.576098