6 0.474406 0.925156 0.928094 0.713281
0 0.973320 1.011914 0.665297 0.742484
0 1.195516 1.019359 0.819156 0.751437
0 0.757023 0.997500 0.520047 0.728156
0 0.720406 1.005336 0.499812 0.728641
0 0.702062 0.995492 0.480437 0.717797
0 0.590055 0.989906 0.410891 0.718375
0 1.064688 1.021055 0.740031 0.769953
0 0.496836 0.990742 0.344922 0.699297
0 1.026148 1.002117 0.706547 0.754109
0 0.526523 0.987070 0.365484 0.706766
0 1.236391 1.034727 0.859469 0.777203
0 1.313969 0.972023 0.904094 0.698078
0 0.448055 0.984773 0.310172 0.694453
0 0.341406 1.001562 0.620313 0.750000