1 0.808250 0.756335 0.650156 0.603021
1 0.274039 0.620785 0.230672 0.481663
2 0.868195 0.422389 0.596703 0.323560
0 0.368430 0.665960 0.276391 0.628501
0 0.462531 0.794684 0.353375 0.648150
0 0.909094 0.428689 0.620719 0.343794
1 0.632742 0.513700 0.458266 0.382061
2 0.970195 0.410445 0.675922 0.306370
1 0.575859 0.550340 0.416062 0.418290
1 0.709570 0.524696 0.489797 0.376464
1 0.428523 0.576663 0.345953 0.433419
1 0.752281 0.486241 0.532312 0.355293
1 0.758766 0.688817 0.537281 0.505644
1 0.507070 0.558009 0.378516 0.435831
1 0.699492 0.495035 0.500734 0.369227
1 0.211430 0.671089 0.193859 0.500258
2 0.792148 0.420761 0.576109 0.337026