5 0.503711 0.635707 0.839797 0.769143
0 0.747266 0.632313 0.528937 0.478501
0 1.367008 0.801006 0.929766 0.601370
0 1.306758 0.725332 0.887828 0.555931
5 1.322188 0.605161 1.000000 0.549251
8 0.106758 0.580128 0.090453 0.434004
8 1.317148 0.555675 0.894266 0.410578
0 0.820953 0.620246 0.578812 0.479036
0 0.615922 0.652377 0.441219 0.478972
0 0.531484 0.659176 0.384969 0.477195
0 1.450187 0.772045 0.996781 0.623833
0 0.313336 0.658972 0.242578 0.477987
0 1.387055 0.737259 0.939672 0.551478
0 0.413641 0.658715 0.309781 0.479657
0 1.343023 0.736552 0.910766 0.552762