14 0.363583 0.556742 0.330445 0.587922
14 1.155117 0.688148 0.892295 0.594859
0 0.889180 0.791391 0.970023 0.926094
0 0.344040 0.450008 0.373560 0.488453
0 0.827237 0.533078 0.603934 0.437531
0 0.236780 0.496141 0.184473 0.352656
0 0.177014 0.507102 0.148548 0.366016
0 0.077108 0.524852 0.086300 0.396016
0 1.387494 0.495922 0.952365 0.358656
0 1.152447 0.488125 0.907752 0.482375
0 1.442611 0.498383 0.999696 0.380016
0 1.351956 0.550930 0.924239 0.418234
0 1.299742 0.499563 0.887728 0.359031
0 1.348337 0.478195 0.924450 0.354047
0 0.893724 0.486578 0.619438 0.353969
0 0.450820 0.531250 0.896956 0.443750