2 1.175466 0.858070 0.976632 0.633740
2 0.677578 0.859050 0.609611 0.647820
2 0.509909 0.847410 0.398264 0.606020
8 0.176101 0.240450 0.154275 0.233700
0 0.219313 0.801790 0.181269 0.619380
2 0.574171 0.789100 0.399845 0.537560
1 0.156606 0.920890 0.116788 0.647540
2 0.786904 0.811000 0.609301 0.575080
2 0.417655 0.854570 0.313860 0.600620
2 0.404003 0.846150 0.297228 0.587020
2 0.951645 0.840870 0.707953 0.598420
8 0.565946 0.696410 0.390803 0.475220
8 0.787526 0.702270 0.532824 0.473940
1 0.026930 0.906800 0.050751 0.643680
2 0.513497 0.795410 0.362694 0.540140
8 0.805920 0.698140 0.542461 0.469080