2 0.433617 0.972299 0.308641 0.672299
2 0.535742 0.967798 0.382641 0.681801
5 0.910484 0.893490 0.860656 0.871413
0 0.320383 0.973698 0.222609 0.712382
0 0.270117 0.990139 0.190453 0.714681
2 0.400734 0.974224 0.280187 0.668670
2 0.372570 0.974155 0.267453 0.674737
2 0.322148 0.982839 0.245516 0.705014
0 0.075727 0.987424 0.070047 0.716565
0 0.601797 0.972313 0.406313 0.677368
0 0.698063 0.968172 0.473438 0.681773
8 0.611484 0.888061 0.415375 0.613684
8 0.232516 0.877701 0.161219 0.606260
8 0.486898 0.896565 0.331016 0.616510
0 0.035500 0.984931 0.036094 0.719114
8 0.654680 0.895125 0.440047 0.613795
7 0.267937 0.961080 0.214031 0.677230
7 0.486828 0.963061 0.349000 0.675152
0 0.618695 0.973255 0.417703 0.678864
0 0.628406 0.969737 0.425344 0.679861
2 0.207062 0.940208 0.157562 0.651440