11 0.478970 0.480033 0.359980 0.369431
11 0.543620 0.442943 0.399360 0.337726
11 0.463920 0.709515 0.328480 0.490669
11 0.463410 0.540485 0.349980 0.413077
11 0.431650 0.630569 0.323420 0.455184
11 0.388550 0.687926 0.289500 0.485351
11 0.509670 0.691538 0.373500 0.483211
11 0.379230 0.647575 0.283260 0.455753
11 0.463110 0.607258 0.345220 0.439465
2 0.059060 1.421773 0.072920 0.966221
7 0.025340 1.415552 0.050680 0.961806
11 0.481430 0.710502 0.335980 0.485753
11 0.868600 1.334197 0.582080 0.903177