8 0.227680 0.650521 0.176297 0.479208
8 0.137422 0.647031 0.117750 0.464354
7 0.744102 0.996719 0.709547 0.835271
7 1.293836 1.018042 0.998766 0.767417
0 0.382992 1.219958 0.329828 1.000000
0 0.577031 1.103229 0.414250 0.846208
0 0.513391 1.102042 0.365469 0.818708
0 0.631750 1.109198 0.438219 0.840687
0 0.700500 1.133771 0.501531 0.862792
0 1.349758 1.068344 0.915203 0.770896
0 0.301328 1.055604 0.211438 0.755167
0 0.758070 1.122073 0.526391 0.851938
0 0.197852 1.070208 0.153047 0.780375
0 0.335844 1.057521 0.240094 0.758417
0 0.539625 1.095344 0.375594 0.826813
8 0.541727 0.938427 0.372922 0.641437
8 0.069086 0.954594 0.051984 0.646271
8 0.072352 0.876625 0.054297 0.600750
0 0.463375 1.074552 0.330406 0.771604
7 1.312438 1.174604 1.000000 1.000000
7 0.239805 1.003302 0.306984 0.751979
7 1.129383 1.015875 0.778734 0.696625
8 0.222516 0.571417 0.164000 0.401292
0 1.269969 1.069167 0.861313 0.768083
8 0.713305 0.829833 0.482922 0.572917
8 0.697805 0.829583 0.471859 0.570000
8 0.133656 0.939385 0.094188 0.632229
0 0.514844 1.126042 0.979688 0.997917