14 1.294203 0.639135 0.932219 0.483937
22 1.331672 0.982698 0.972406 0.772187
22 1.140391 0.857188 0.808938 0.645750
22 1.090523 0.883052 0.756266 0.666687
22 0.866320 0.823823 0.599703 0.615479
2 0.562789 0.631854 0.424891 0.466542
0 0.434570 0.716906 0.374797 0.789896
0 0.336344 0.660677 0.257563 0.550896
0 0.934422 0.739990 0.700031 0.802563
0 0.293508 0.658927 0.224109 0.555021
22 1.477078 0.951490 1.000000 0.727229
1 1.307977 0.794813 0.983297 0.655458
2 0.511977 0.584156 0.366047 0.402479
22 0.237742 0.637260 0.166859 0.444604
0 0.073055 0.572729 0.146109 0.838958