2 0.411617 1.304024 0.284734 0.884329
2 1.439742 1.105718 0.969828 0.754259
2 0.392719 1.403471 0.277938 0.951506
2 0.519047 1.175224 0.356781 0.798635
4 0.601109 0.759882 0.713531 0.636000
7 0.222305 1.299718 0.170953 0.905459
8 0.595953 0.519788 0.399187 0.349553
2 0.178641 1.437941 0.133094 0.973529
2 0.230937 1.394529 0.167125 0.946753
2 0.315617 1.324953 0.218953 0.897718
2 0.292828 1.298282 0.205656 0.880424
2 0.462703 1.310882 0.317344 0.889388
2 0.733875 0.711388 0.494156 0.483906
2 0.128500 0.684635 0.093375 0.465929
2 0.519945 1.246671 0.358422 0.851176
5 0.995336 0.731694 0.687953 0.504000
7 0.780891 0.695306 0.532156 0.484918
2 0.687492 0.648729 0.464234 0.439435
5 1.071805 1.384224 0.728516 0.953953
7 0.228422 1.396824 0.164844 0.947765
2 0.310156 0.457647 0.620313 0.477647