7 1.076969 0.963208 0.767563 0.701917
0 0.747445 1.125146 0.513047 0.809458
0 1.091289 1.397115 0.767859 0.999813
0 0.728875 1.068240 0.498906 0.766146
0 0.555867 1.116135 0.380172 0.776979
0 0.352312 1.162406 0.277156 0.818604
0 0.687914 1.103646 0.478859 0.799375
0 1.363117 1.146396 0.930203 0.791917
0 1.297766 1.131250 0.879094 0.778250
0 0.059859 0.969687 0.119719 1.000000
0 0.349117 1.106688 0.248703 0.768250
0 1.215906 1.149802 0.828750 0.838354
0 0.520133 1.069698 0.359766 0.775562
0 0.325961 1.165625 0.284234 0.852125
0 0.588281 1.026042 0.998437 0.997917