2 1.360953 1.292921 1.000000 0.989261
4 0.274711 0.348360 0.413203 0.279954
0 0.058797 0.908060 0.107281 0.803880
0 0.348602 0.676085 0.268609 0.567783
0 0.965211 0.735069 0.693328 0.733279
0 1.087094 0.718418 0.841375 0.739238
0 1.042391 0.738048 0.724594 0.605381
0 0.786375 0.745497 0.543750 0.539908
0 1.056336 0.483868 0.723203 0.355958
4 1.148102 0.387321 0.820391 0.284804
7 0.360078 0.384919 0.287531 0.291085
8 1.225297 0.435808 0.832062 0.354896
0 0.310898 1.035092 0.291703 0.946074
0 0.693117 0.747598 0.526859 0.743002
0 1.242273 0.796420 0.886172 0.683141
4 1.402508 0.406986 0.945516 0.283672
4 1.256945 0.356697 0.851297 0.255982
4 1.424367 0.404977 0.961547 0.281455