5 0.235148 0.363573 0.470297 0.483146
0 0.359992 0.575844 0.300203 0.620688
0 1.416391 0.454948 0.998312 0.527021
0 1.267961 0.497042 0.918609 0.533292
0 0.510805 0.586344 0.394422 0.580979
0 0.450141 0.565625 0.338625 0.532583
0 0.668695 0.541375 0.480172 0.490250
0 1.139547 0.488417 0.789531 0.424083
0 0.736953 0.484906 0.512063 0.423104
0 0.693977 0.461385 0.482172 0.344479
0 0.783969 0.509031 0.542000 0.436563
0 0.856781 0.569708 0.612250 0.527333
0 1.010867 0.537271 0.723484 0.508417
0 0.701773 0.441906 0.475641 0.309104
0 0.689844 0.532292 0.645312 0.531250