14 0.613891 1.092483 0.434563 0.786380
0 1.317930 1.012461 0.891578 0.713355
0 0.616617 0.995342 0.432391 0.703135
0 0.879227 1.014283 0.594516 0.711082
0 0.954383 0.986280 0.642891 0.686115
0 0.996453 0.980155 0.668125 0.674525
0 1.049227 0.963521 0.704328 0.659095
1 0.219680 1.116159 0.176734 0.775453
1 0.147445 1.107715 0.116672 0.763951
0 0.224219 1.073565 0.165813 0.770442
14 0.574750 1.080850 0.412875 0.788234
0 1.268023 0.971887 0.851734 0.669558
0 0.106117 1.051589 0.081828 0.763753
6 1.178508 0.963455 0.844109 0.713797
14 0.488750 1.019636 0.345250 0.726998
0 0.415727 1.001170 0.284734 0.684547
0 0.922289 0.981843 0.618109 0.668675
0 1.328633 0.977804 0.893266 0.674415
0 1.308648 0.971424 0.879484 0.671722
14 0.791117 0.987274 0.544422 0.688852
14 0.328719 1.052969 0.236687 0.745938
0 0.385156 0.977925 0.760938 0.777042