2 1.118133 0.780446 0.774328 0.542441
2 1.244078 0.800704 0.854750 0.552582
2 1.042203 0.777124 0.719094 0.531573
2 1.395492 0.831268 0.958609 0.576573
6 0.489875 0.794390 0.830156 0.716854
2 1.183273 0.801631 0.813391 0.551854
2 1.423672 0.769178 0.966531 0.521268
7 0.800258 0.690117 0.558391 0.476009
7 0.868273 0.702946 0.604172 0.479695
2 1.465109 0.851045 1.000000 0.587394
2 1.141703 0.789495 0.786062 0.546127
2 0.920687 0.712042 0.630469 0.481408
2 0.874820 0.702653 0.603734 0.480657
2 0.832594 0.703955 0.575219 0.477300
2 1.186578 0.779049 0.811031 0.529085
2 1.093797 0.778333 0.748781 0.537042