5 1.049970 1.304425 0.739460 0.896551
2 0.840400 1.422166 0.578240 0.959144
2 0.755660 1.449572 0.520920 0.977326
2 0.715880 1.463529 0.493880 0.987273
2 0.658470 1.475749 0.455140 0.996043
2 1.142670 1.324251 0.776340 0.892888
2 0.887000 1.407099 0.609560 0.950241
2 1.078950 1.345856 0.734260 0.904759
2 1.006090 1.366056 0.684780 0.921043
2 0.971990 1.382714 0.661340 0.932273
2 0.930820 1.393877 0.637760 0.941765
2 0.798820 1.439024 0.551320 0.969652
2 0.603060 1.492460 0.426840 1.000000
2 1.039550 1.357914 0.706780 0.917005
5 1.365740 1.232326 0.937040 0.839626
5 1.345510 1.211644 0.920740 0.828904
2 1.038000 1.330214 0.756000 0.906417