0 0.088352 0.658232 0.163266 0.640773
0 0.027734 0.614133 0.055469 0.548173
10 0.313531 0.501276 0.388438 0.454731
10 0.271992 0.713852 0.248766 0.516979
10 0.201836 0.324941 0.259109 0.271335
0 1.207898 0.470035 0.871391 0.412482
0 1.394391 0.452143 0.998062 0.406862
0 1.264141 0.366803 0.893469 0.401522
0 1.255117 0.956756 0.900922 0.995386
0 0.107953 0.305621 0.125937 0.319110
0 1.311078 0.166710 0.913094 0.212670
0 1.377852 0.222471 0.959547 0.251686
0 0.054734 0.193267 0.076469 0.238197
0 0.651430 0.379754 0.486766 0.360211
0 0.565805 0.531733 0.437047 0.442998
0 0.902125 0.500000 0.849719 1.000000
0 0.499219 0.398126 0.998437 0.566745