14 0.563344 0.634042 0.431438 0.471792
14 0.706016 0.622042 0.518938 0.469667
14 0.477422 0.635406 0.333469 0.472146
14 0.648391 0.634406 0.445156 0.468813
15 0.566125 0.631219 0.451375 0.470896
0 0.704672 0.532771 0.492062 0.386458
0 1.087117 0.688917 0.732109 0.471708
0 1.183352 0.696604 0.796391 0.479375
0 1.230984 0.706500 0.826250 0.484792
0 1.280711 0.712438 0.861578 0.491708
0 0.977664 0.762552 0.665891 0.541562
7 1.058586 0.853135 0.937266 0.658646
0 1.184352 0.729875 0.800672 0.503542
0 0.323523 0.663156 0.226203 0.454437
0 0.358102 0.657187 0.250797 0.453917
0 1.491781 0.803313 1.000000 0.543875
0 1.456742 0.803208 0.983016 0.545333
14 0.515953 0.627823 0.381969 0.472354
15 0.484602 0.631333 0.347141 0.472042
0 1.431609 0.789312 0.963906 0.544542
0 0.494531 0.696875 0.985938 0.614583