14 0.653055 0.775760 0.497047 0.601479
14 1.127594 0.783677 0.785313 0.601062
0 1.357211 0.786740 0.934422 0.605187
0 0.708492 0.773906 0.490203 0.598562
0 1.055445 0.781823 0.722984 0.586604
0 1.483352 0.769875 0.999484 0.563333
0 1.297117 0.820490 0.879859 0.604104
0 1.262211 0.798719 0.855266 0.585313
10 0.350656 0.816844 0.277813 0.567813
10 0.796109 0.806542 0.572375 0.560917
0 1.080164 0.759948 0.732141 0.564312
10 0.010852 0.831313 0.020766 0.575208
0 0.750195 0.801771 0.509578 0.560125
0 0.083320 0.803406 0.062203 0.552354