24 0.958141 0.424167 0.776125 0.552444
24 0.548422 0.337528 0.399406 0.300500
24 0.614836 0.114125 0.465391 0.221083
17 1.158312 0.677292 0.855219 0.827028
17 0.184727 0.733847 0.208828 0.810361
0 0.619258 0.290125 0.648266 0.573083
18 0.371164 0.866569 0.300016 0.737750
18 0.196563 1.179778 0.211094 0.984278
22 0.736180 0.262694 0.686547 0.277167
22 0.332453 0.569014 0.382937 0.553583
22 1.373023 0.297597 0.964578 0.286528
22 0.087352 0.557931 0.174703 0.547250
24 0.355758 0.171444 0.398859 0.316889
24 0.095469 0.213569 0.190938 0.427139