0 1.136719 0.485802 0.874188 0.515438
18 0.459953 0.744188 0.346531 0.605417
20 0.596633 0.437083 0.492141 0.537083
20 0.988781 1.091917 0.998875 0.986542
20 0.243539 1.240448 0.483703 0.984271
20 0.273875 0.968531 0.547750 0.782021
0 1.311500 0.521042 0.937438 0.446375
0 0.373312 0.433708 0.301687 0.503375
18 0.245797 0.777000 0.210625 0.636667
18 1.419164 0.627250 0.965547 0.450958
18 1.463125 0.716625 0.996625 0.509500
18 1.304742 0.653417 0.892453 0.496625
0 0.669719 0.437146 0.694781 0.596375
0 0.078367 0.512354 0.156734 0.669667
0 0.115695 0.421573 0.142297 0.501229
18 1.357445 0.641313 0.925484 0.481250
22 0.378352 0.641656 0.296672 0.605979
22 1.144141 0.781219 0.900344 0.632312
22 0.597203 0.786854 0.447594 0.591167