0 0.955250 0.859052 0.718187 0.838979
0 1.170602 0.547302 0.864859 0.572063
0 0.812133 0.395083 0.583047 0.469042
0 0.333344 0.789458 0.309531 0.848292
0 0.345984 0.497896 0.295406 0.470000
0 0.526617 0.509125 0.436266 0.467667
0 0.725234 0.539687 0.539750 0.497583
17 1.064664 0.926385 0.717859 0.648271
17 1.045203 0.928979 0.705594 0.650000
0 0.182773 0.715000 0.222953 0.821792
0 0.563680 0.259635 0.422578 0.328146
10 0.051406 0.709260 0.102813 0.481646
10 0.592602 0.716510 0.579109 0.501563
0 0.498820 0.291458 0.366328 0.293542
0 0.778883 0.388625 0.533047 0.322125
0 0.636461 0.400990 0.457266 0.327063
0 0.170789 0.487219 0.154797 0.401438