22 0.538219 0.622229 0.839531 0.831667
1 0.196758 0.435375 0.238797 0.408333
1 0.225844 0.407854 0.451687 0.492125
0 0.819031 0.149708 0.596844 0.219292
0 1.217766 0.072938 0.860000 0.121833
0 0.776648 0.093927 0.565828 0.125104
0 0.165781 0.165594 0.219500 0.321354
0 0.724180 0.059875 0.515203 0.105833
0 0.911672 0.058177 0.626938 0.093271
0 0.448906 0.059281 0.334375 0.115729
0 1.278055 0.080292 0.867391 0.081458
1 0.072141 0.721802 0.140937 0.713854
1 0.557141 0.279771 0.541656 0.374875
0 0.647539 0.042385 0.451891 0.067937
0 0.311711 0.154958 0.293234 0.309917
1 1.282937 0.464094 0.975219 0.621354
1 0.388094 1.113229 0.423438 0.934875
1 0.783758 0.242833 0.619234 0.263625
1 0.689031 0.167625 0.514938 0.212458
0 0.520320 0.063240 0.381328 0.091687
0 0.059992 0.122083 0.119984 0.241542
1 0.050461 0.251437 0.083016 0.209333
0 1.124750 0.027323 0.780375 0.052687
0 1.257031 0.070833 0.998437 0.141667