14 0.782786 1.358595 0.559134 0.943007
14 0.977214 1.357394 0.668644 0.933546
14 0.975694 1.214788 0.684984 0.832908
14 1.425833 1.425727 0.992941 0.984395
14 1.281095 1.335400 0.882386 0.923840
14 1.234338 1.334926 0.849755 0.923938
14 0.902418 1.357516 0.645523 0.937255
14 0.374493 1.184984 0.273203 0.807712
14 0.703178 1.362320 0.505801 0.943072
14 0.958897 1.351356 0.666324 0.928301
14 1.100196 1.343464 0.772157 0.928562
14 1.128391 1.410980 0.775082 0.974085
14 1.242606 1.417770 0.883088 0.982075
14 1.288987 1.135882 0.888725 0.777484
10 0.832647 1.437426 0.631634 0.998676
14 1.332492 1.214681 0.927761 0.840082
14 0.500817 0.917484 0.998366 0.998366