6 0.621023 0.686093 0.715328 0.829588
2 1.316523 0.496856 0.938047 0.375897
2 1.440250 0.549928 0.998969 0.408351
2 1.222992 0.482227 0.849422 0.352784
2 1.155117 0.466443 0.809859 0.342041
2 1.407922 0.537536 0.995000 0.394165
2 1.388758 0.521072 0.980766 0.381773
2 1.256273 0.495567 0.856109 0.371134
2 0.351734 0.414804 0.265625 0.306103
2 1.240352 0.489887 0.846078 0.357711
2 1.128859 0.457103 0.787094 0.333175
2 1.192680 0.471258 0.831578 0.344124
0 0.946227 0.817722 0.651641 0.569340
8 0.117922 0.334340 0.093563 0.242619