0 0.202250 0.449438 0.330344 0.737083
0 0.554344 0.207437 0.408906 0.270250
0 0.712664 0.205219 0.509234 0.219229
0 0.980289 0.194562 0.705297 0.247875
0 0.359422 0.279604 0.378719 0.557375
0 0.812297 0.179000 0.602188 0.177792
0 1.402094 0.243833 0.999594 0.270542
21 0.370250 1.044906 0.364844 0.808479
21 0.567758 0.970771 0.482078 0.727208
21 0.723031 0.879781 0.576406 0.653938
21 0.851852 0.821948 0.641297 0.607271
21 0.924438 1.078656 0.652250 0.746063
21 1.073172 0.972604 0.763625 0.707583
21 1.156734 0.915917 0.832531 0.691750
21 1.231398 0.873990 0.872109 0.650896
21 1.009820 0.776135 0.710484 0.548979
0 0.641031 0.243094 0.469906 0.289229
0 1.070414 0.247260 0.739391 0.248854
0 0.022742 0.276115 0.045484 0.303438
21 0.929398 0.993750 0.677672 0.699500
0 1.335391 0.213406 1.000000 0.267604
18 0.153344 1.070979 0.132469 0.772583
18 0.219422 1.114094 0.177156 0.803229
21 1.073078 0.694156 0.775969 0.503729
21 0.948687 0.581906 0.679188 0.412604
0 0.946453 0.201437 0.645531 0.171583
21 1.248391 0.773094 0.898219 0.573229
0 1.108117 0.301177 0.774922 0.317604
18 0.234633 1.055115 0.189047 0.751646
0 0.524219 0.191667 0.998437 0.262500
21 0.987500 0.662500 0.853125 0.550000